1,1169,1284,924,537
6,397,1385,855,444
7,508,1044,854,1802
0,795,547,51,442
3,925,1143,638,1798
23,359,1806,535,509
22,1529,868,536,432
26,245,799,1167,1351
26,363,1373,537,1609
25,1035,851,1702,1617
31,500,1005,862,1800
24,499,996,857,1807
27,610,1161,1126,1800
25,1029,1891,1668,516
24,1502,1501,92,851
7,1609,1735,574,1490
9,767,919,1124,2001
14,239,805,1173,1351
15,415,1852,1172,1372
8,408,1851,1171,1345
11,1746,1466,537,1590
50,467,94,706,538
61,1054,832,1565,1538
52,497,438,601,421
53,1305,1157,600,902
52,166,781,1181,1359
42,1630,1409,562,1444
42,1208,23,1439,1874
93,1495,1410,108,840
92,165,877,607,1363
81,319,1912,606,478
110,744,879,903,560
114,413,102,1180,1751
119,1652,1657,91,2005
118,1662,1645,90,2004
120,1249,52,1395,1896
123,1442,409,1186,1371
71,841,473,513,1382
70,1138,1122,1879,1001
73,1772,1913,884,1384
72,1773,1919,885,1385
72,708,926,1119,2026
72,177,0,283,835
72,1580,879,515,1122
73,1586,1458,120,2010
74,1585,1457,120,2009
72,1098,1807,543,1425
66,1267,1458,521,1528
66,1667,1513,86,868
65,1433,1850,875,1288
64,2046,7,874,1733
71,2041,0,877,1740
64,383,1357,543,1533
64,1936,532,1324,1912
64,399,107,1218,1915
79,939,933,1978,1594
78,1689,774,515,1550
66,1125,731,533,933
67,1124,708,542,932
68,1257,1301,531,1686
69,1256,1300,530,1677
70,1834,950,24,1682
71,1835,951,119,1683
56,1876,1016,102,1772
57,1877,1017,48,1773
59,422,45,1353,1838
58,576,1080,1279,1805
61,791,1002,625,506
60,2019,615,1370,1803
63,2016,612,1398,1800
61,1726,986,57,1471
51,1372,98,1362,1798
50,1373,99,1380,1799
49,1509,859,613,1753
55,1449,1559,57,1980
48,1449,1552,62,1979
49,1466,1553,63,1978
50,1461,1554,60,1977
51,1413,1436,625,1856
213,1567,1174,631,1054
212,1566,1627,630,1427
215,1565,1630,629,1424
212,1451,834,630,1435
211,1452,838,624,1436
207,1070,988,1807,1780
205,1069,1496,1085,1115
200,52,1806,872,632
248,638,78,1294,425
249,639,697,12,1047
251,636,76,1414,1812
250,637,699,13,1045
250,1499,116,1620,1743
251,1824,1447,1698,1566
248,1827,1578,1697,1565
249,2014,1747,1913,1521
199,5,1561,582,419
207,87,1699,633,1314
211,84,1696,634,1450
210,1022,1052,1978,1453
213,1017,1051,1976,1440
212,1016,1820,539,520
211,37,1708,625,1317
210,36,1709,624,1455
161,1369,98,1996,1045
166,787,1046,1262,462
165,784,1045,1261,449
164,785,1044,1260,898
163,790,1043,1259,920
162,791,1042,1258,923
161,788,1815,559,1526
160,789,1814,558,1524
167,1319,245,2018,607
169,1011,36,1501,1906
170,1008,36,1502,1905
170,1009,38,1503,1904
173,1014,34,1496,1911
172,1015,35,1499,1911
173,620,35,1784,1672
172,621,32,1786,1910
164,1018,45,1495,1905
165,1019,44,1481,1904
167,608,45,1766,1907
152,26,1324,579,464
144,28,1351,659,624
143,1338,4,2023,1034
141,254,1894,593,457
139,989,1272,1048,444
117,1007,6,325,687
116,1490,181,1000,698
394,240,1939,664,365
395,245,1938,665,364
396,251,1948,673,307
396,659,291,174,1480
402,204,1199,1428,1272
400,214,1009,1190,695
415,11,1257,1247,145
405,15,884,1103,1274
431,1265,771,2000,1579
423,217,1311,1940,698
417,1271,1447,1136,1581
419,223,1305,1938,700
446,196,1788,184,1357
447,197,1789,656,1356
416,1259,793,1275,1501
417,1258,792,1274,1502
422,208,1850,971,769
422,208,1844,655,1587
419,130,44,216,1001
425,1488,655,252,1183
427,1481,2028,296,654
471,1491,174,1770,950
473,1297,200,1206,1122
474,1462,1050,1540,1353
476,781,205,1753,944
476,787,233,1543,916
468,788,238,1536,915
469,789,239,1541,1352
470,1457,1053,1539,1358
466,1440,244,1216,688
495,830,642,196,1433
508,1533,222,1363,907
511,1534,1824,1359,904
509,906,683,1322,1387
506,949,665,1364,1396
507,948,664,1365,1627
504,1535,664,1696,1953
504,949,666,1354,1625
503,1415,647,1304,1967
502,1520,660,1368,1953
458,1523,663,1351,1955
457,910,1232,1533,346
459,1487,749,662,286
452,1312,245,838,1111
477,206,1397,2020,674
476,207,1396,2020,675
452,209,1511,648,283
460,208,1382,649,282
312,1336,241,1033,682
312,1018,240,1379,683
319,865,1998,1276,615
318,1337,246,1848,685
314,925,1016,1055,1781
314,1342,243,710,2043
310,925,155,1411,2028
311,769,159,1127,1401
309,1331,234,1162,1088
298,920,150,748,565
302,769,1223,1389,652
299,773,169,1355,916
296,964,192,1717,1764
297,775,176,1357,1383
342,888,207,1806,1301
346,983,767,238,1066
345,980,764,1739,2038
350,1010,232,1267,1081
356,892,226,1048,1297
372,1206,1543,733,1293
368,1420,924,884,857
257,1100,1537,728,1639
270,1091,1550,748,1627
271,1090,1551,749,1629
259,1976,465,144,838
257,1205,707,1619,1986
278,918,724,1927,998
274,747,219,878,1923
273,642,1879,897,861
272,643,1877,896,832
271,668,1866,927,832
312,1533,925,686,2045
315,1470,1109,1859,765
314,1469,1108,1858,764
317,1807,663,884,1944
319,1530,910,676,1945
317,1529,909,679,1946
314,1534,745,1756,1677
297,1527,759,241,357
303,1476,176,1243,163
300,1521,167,1799,788
301,1520,166,1798,1211
299,710,384,953,1395
290,1462,88,1234,172
289,1461,91,1233,160
732,908,270,1607,2006
743,1420,220,1259,153
756,1287,1782,181,1813
729,430,869,174,2027
685,936,1714,1929,1696
693,704,832,922,158
692,705,805,890,159
645,726,193,1738,2023
644,727,192,1739,2016
652,192,2016,711,1608
653,767,1933,714,1662
652,195,1563,148,889
643,712,404,759,1656
646,187,1637,1977,1342
647,186,1639,1976,1343
644,883,1169,1847,1312
645,882,1168,1843,1323
668,178,1901,1137,1482
670,201,428,2038,1160
669,179,429,2035,1163
646,210,1548,188,898
642,1926,1633,717,327
627,213,78,896,746
625,1450,1143,1307,2035
639,1437,932,220,1470
625,854,1913,1303,976
628,1440,1145,1300,2032
631,1493,1147,2037,976
629,1457,163,1913,332
619,1430,168,1267,723
613,743,168,1651,1539
614,740,169,1651,2047
615,1474,1160,1649,2046
922,696,314,1431,1199
940,691,1414,1064,329
941,671,801,304,1196
944,694,384,748,802
946,700,290,976,1233
947,701,266,1739,1232
944,667,1389,1754,1990
944,655,377,1757,1887
945,824,1552,1674,1226
949,796,822,1927,1544
970,1655,1802,2037,1865
972,286,990,769,1995
967,644,382,1940,1241
966,659,815,361,1288
990,697,351,1793,1938
990,1112,1416,1693,800
963,514,1424,1277,2030
962,673,364,212,808
961,663,1427,417,811
960,1144,576,1448,828
960,561,1391,1231,1626
961,1082,586,1226,804
960,657,360,1209,1822
1009,1181,340,1452,783
1010,1169,348,873,1620
1013,1078,822,304,1566
1013,1075,356,1809,1856
1012,1074,1434,1808,1857
1006,686,408,1235,1887
1006,667,801,302,1323
1003,1073,817,311,1561
1001,701,410,1400,220
546,338,1507,826,207
551,267,594,661,1822
548,769,796,1039,222
548,260,235,1799,1570
566,824,345,1134,1647
567,768,358,1555,2036
571,256,1932,2009,798
569,280,1800,2008,799
522,367,253,1974,2006
613,1275,673,784,2001
631,152,794,344,1256
586,1044,322,280,703
589,1043,325,287,698
576,823,827,1457,1901
579,820,824,1458,1903
607,275,1339,466,1934
584,263,103,881,241
585,262,1507,1270,795
586,794,563,328,679
591,368,1202,1724,329
584,776,1476,775,1143
587,271,1318,456,1961
692,375,1365,792,1279
693,1608,1861,1587,1908
700,776,287,1510,1990
701,777,286,1813,1592
702,778,285,1814,1597
702,1344,30,298,681
698,1725,1968,1562,1170
698,1724,1969,1563,1171
695,1604,74,611,141
694,1726,78,616,140
719,535,880,1922,1638
721,1330,1923,857,1161
720,277,1995,1553,1170
721,1582,1901,1602,1792
722,275,1997,1553,1174
723,274,1999,1552,1175
720,1333,1924,862,1166
733,276,702,399,1911
726,309,1305,770,2015
747,1474,310,1545,577
739,871,269,1307,2006
765,1331,87,285,724
653,775,1772,853,1281
654,301,1611,217,587
653,541,1884,1660,1806
641,873,345,1309,1537
670,886,326,1164,1566
645,318,1739,894,1028
646,303,1736,845,1031
655,293,1236,1748,283
648,299,1612,881,1306
649,298,1613,880,1045
650,882,299,1116,1981
695,1324,1554,535,1812
699,324,1437,707,871
698,1319,1043,269,728
702,301,1836,1181,260
690,369,1236,1869,271
694,285,1167,1558,1948
695,475,1975,882,2045
684,325,527,145,2029
678,297,514,554,1864
665,327,710,836,1193
666,342,1358,1395,277
669,486,1362,1345,381
1389,1512,1607,1296,1059
1367,269,555,156,1188
1362,256,215,270,667
1374,814,1402,881,1198
1331,1516,1603,888,208
1289,800,1718,895,1184
1309,1401,1324,573,1184
1308,1390,401,1031,854
1510,280,2034,1895,850
1484,361,1027,1630,2012
1485,360,1026,1550,2013
1486,573,730,1307,1951
1487,572,1785,1306,1950
1488,547,1771,1285,1921
1490,1547,721,1842,891
1493,378,1463,363,749
1492,377,1462,362,748
1501,271,48,619,257
1503,279,1594,565,1846
1500,1293,1117,1593,2007
1501,1287,2023,877,154
1490,1288,2003,866,149
1495,284,1805,1934,860
1487,736,1536,1377,461
1485,1196,276,724,1405
1462,292,1504,296,739
1454,293,1521,297,738
1453,294,1506,298,737
1451,1191,887,1536,199
1367,558,472,1490,1742
1369,562,445,1481,1071
1371,1528,1883,920,111
1370,1115,907,1788,52
1374,1263,727,57,939
1375,1254,726,1116,938
1372,1261,725,1108,937
1370,1202,950,1818,1670
1365,1213,953,1814,1673
1364,1212,952,1812,1678
1367,1215,955,1812,1677
1386,913,416,753,1965
1405,493,1115,1735,902
1407,427,1820,1906,935
1404,424,1854,1905,932
1405,605,259,1904,920
1387,525,896,385,1872
1386,524,897,384,1872
1385,527,899,387,1874
1384,526,898,386,1874
1386,550,272,1685,2007
1168,551,500,1681,2006
1171,548,274,1687,2005
1178,909,505,1266,1118
1173,1782,1451,1178,1113
1175,525,499,8,915
1172,526,496,1744,912
1172,498,1271,764,1107
1164,2010,398,546,1424
1156,907,1956,1721,1793
1154,717,435,1484,1744
1152,954,1806,1888,1506
1259,1001,1594,901,575
1269,489,880,955,78
1271,446,273,755,8
1269,1003,1467,767,1842
1276,498,143,716,1132
1067,899,124,496,1515
1078,1762,1266,767,1295
1079,1762,1267,766,1294
1082,957,919,1830,1705
1082,51,1067,467,1297
1081,761,1698,901,1851
1086,1497,1527,884,951
1083,33,1171,761,1331
1082,1494,1202,1760,1813
1081,1493,1182,1763,1814
1080,1492,1182,1762,1815
1063,1212,530,741,1887
1062,1584,1346,897,1252
1066,1785,420,795,770
1067,1784,738,794,771
1071,1763,457,1255,908
1046,747,1709,941,1148
1040,1207,904,550,1784
1040,1781,1265,489,1310
1040,1497,508,1216,1782
1040,924,1532,116,1922
1043,1214,569,742,1717
1042,1215,568,743,1707
1045,1879,751,1006,819
1047,1365,926,620,1779
1045,1372,929,926,21
1043,1502,507,1223,1777
1133,1819,980,998,3
1135,1782,1708,846,931
1139,641,389,851,1839
1138,1780,1350,1464,2
1141,1545,981,438,1169
1140,1544,980,439,1740
1137,552,470,1083,751
1151,424,643,670,371
1136,1293,441,1127,563
1137,1292,440,1145,562
1138,1224,984,414,1159
1139,1230,512,658,1730
1140,1222,519,666,1733
1141,1223,518,660,1732
1143,1750,1359,1288,1735
1141,422,700,430,113
1130,1299,484,1939,555
1130,1348,995,389,1277
1129,1351,992,390,1276
1135,1800,511,789,1002
1129,1807,504,786,1005
1128,1745,446,634,579
1131,1710,1246,1193,423
1130,1711,1247,1110,422
1126,1696,1234,1114,425
1126,754,439,1597,582
1050,589,1696,1999,754
1050,408,223,972,1176
1050,1492,437,627,585
1044,456,776,983,1821
1044,917,1206,849,1036
1045,916,1663,1023,1168
1066,763,401,923,1822
1071,1698,394,1489,1306
1074,184,473,579,1305
1078,939,989,1711,753
1080,940,986,1701,748
1029,1763,1005,1723,1071
1028,148,1378,841,914
1029,1021,1015,1706,717
1034,538,414,1908,736
1035,1769,964,456,1506
1032,1772,994,1718,1065
1038,1395,406,209,1011
1033,1396,401,82,1012
1032,1397,400,1186,1013
1035,1778,389,1775,1014
1032,1378,404,1909,526
1047,1782,1016,1710,1082
1051,548,444,1452,788
1048,551,447,1455,1712
1049,1291,672,575,1725
1054,1780,985,482,55
1055,1781,984,483,1505
1050,1004,109,719,1974
1051,1402,389,1903,524
1045,1494,418,1159,1708
1047,1598,1001,1283,1790
1038,621,1687,1943,720
1031,627,393,1891,721
2027,424,749,677,339
2026,393,1670,94,1547
2021,1347,1413,1203,1718
2020,1695,1677,537,1284
1053,1281,554,92,140
1055,328,601,1822,1801
1053,331,602,1821,1802
1059,273,1667,557,415
1060,1710,57,554,1865
1061,1268,56,555,967
1062,1271,59,552,410
1063,1295,1646,909,364
1064,1480,53,550,1861
1065,1481,52,551,1271
1067,1704,71,405,1350
1065,1260,653,122,187
1062,1267,648,125,189
1084,1342,1833,51,1501
1084,1294,1811,1422,1310
1083,21,798,1389,1992
1060,309,1,458,412
1061,1275,520,159,99
1062,1490,47,572,1303
1061,9,5,504,1075
1058,1723,586,1054,480
1058,303,56,515,96
1070,794,1646,1473,393
1071,262,629,152,1257
1056,1719,55,432,1311
1057,1684,320,373,21
1058,1717,323,434,1309
1059,1299,545,803,378
1060,1270,585,96,113
1061,1271,584,378,22
1062,1251,341,97,75
1063,1269,1386,100,124
1049,1336,607,230,25
1051,1678,639,1067,458
1123,849,607,446,58
1122,848,606,1902,59
1127,1338,1890,567,1518
1134,1837,525,776,20
1129,1843,1362,552,1246
1140,610,361,440,1124
1139,585,435,577,909
1138,584,394,576,908
1137,587,393,579,899
1096,319,623,438,1381
1103,1619,717,3,1901
1102,1477,567,1584,1698
1101,1478,560,1863,475
1100,1479,54,407,420
1108,292,628,429,1406
1109,1683,124,430,1405
1110,1237,628,67,130
1109,1256,524,245,10
1107,288,624,425,1402
1119,865,1819,609,1754
1116,866,1816,610,1735
1117,891,1865,352,1679
1106,297,555,1786,51
1107,296,566,1527,322
1104,471,580,413,500
1105,470,5,412,501
1110,1852,403,368,1338
1111,1299,545,1642,919
1108,1253,1886,598,1522
1107,947,1876,627,1737
1068,860,1836,1338,756
1069,861,1839,1339,757
1070,458,560,1242,360
1070,817,602,1556,1196
1065,1372,1478,1555,141
1064,1388,1479,1554,140
1067,1388,1476,1553,143
1065,566,1496,1586,1800
1062,827,628,439,1714
1063,450,546,1352,81
1060,420,564,1089,266
1061,1785,544,1014,83
1085,419,600,1977,322
1087,375,711,1792,1719
1084,416,560,1093,270
1081,550,415,714,1009
1062,990,612,413,1882
1063,991,613,415,1883
1060,968,1840,552,1770
1061,969,1834,553,1771
1058,974,1832,558,1772
1059,1707,614,1132,428
1071,456,575,657,1142
1065,1350,94,548,915
1063,1387,123,72,938
1062,1386,122,73,1698
1242,1341,614,262,1005
1243,1340,615,263,1557
1244,1339,608,256,1820
1245,1338,566,1622,1703
1247,1756,470,612,1822
1243,1620,555,1217,342
1253,519,503,105,1276
1252,507,569,316,1583
1255,491,545,1478,72
1254,448,304,1656,114
1249,272,1291,1279,292
1248,395,562,1273,339
1251,1790,549,903,76
1250,1383,525,1323,106
1261,1494,619,1626,1689
1263,97,623,418,1035
1260,98,620,1624,1032
1261,1608,122,512,1905
1258,1780,618,1587,1038
1259,1394,582,1850,1315
1256,1503,616,1585,1036
1255,1888,1518,2028,1313
1273,1919,1521,2035,1342
1275,1918,1520,2034,1343
1273,413,548,1263,330
1277,105,555,1586,1978
1275,78,257,450,1106
1274,1895,1524,1803,1337
1273,1161,1285,206,31
1255,1685,580,1119,1636
1256,1400,1290,192,18
1256,520,434,1354,1033
1262,1382,582,176,98
1263,1383,583,1407,99
1256,1376,576,1522,100
1257,1377,577,1522,101
1259,335,597,481,1330
1258,1401,553,215,205
1045,1439,683,2007,1484
1047,1438,682,2006,1485
1044,1437,681,2005,1484
1045,1329,657,1748,1055
1052,428,734,2043,1659
1053,269,758,1052,431
1054,1607,2011,465,64
1053,271,757,1055,429
1043,416,724,33,1502
1042,417,723,2038,1654
1046,897,640,2034,38
1047,1635,1529,2019,1851
1042,1636,1534,2020,1852
1069,1417,1529,246,237
1071,405,740,892,131
1070,404,741,63,1121
1073,395,762,1643,157
1075,764,262,152,1037
1072,907,754,271,1641
1073,1690,735,1271,420
1085,263,739,1078,390
1080,785,1556,247,27
1081,961,1976,174,1325
1057,766,1315,143,810
1071,1743,187,143,2005
1070,1548,671,1238,1711
1059,347,1512,1723,1845
1057,754,938,510,1245
1062,757,941,505,1068
1062,264,1517,1734,105
1059,1004,736,1973,1215
1058,370,705,1080,425
1053,1444,760,1667,1545
1052,1445,761,1731,851
1055,1117,141,1829,1772
1053,374,664,619,1235
1051,1654,180,156,783
1050,1655,155,133,868
1049,1652,152,158,871
1120,730,273,656,870
1120,146,674,324,1259
1121,147,675,344,1258
1122,144,672,1115,1257
1120,1609,743,906,155
1127,1143,714,26,217
1121,1142,641,107,148
1122,1139,643,1290,132
1120,1613,766,910,158
1120,1009,1754,63,195
1121,313,707,1065,411
1123,1011,1752,61,193
1122,315,705,1067,409
1125,316,1481,1071,414
1121,1623,762,953,154
1123,429,167,839,1892
1440,1944,732,490,1464
1415,1841,744,1672,1602
1529,1998,688,772,161
1528,1995,746,905,466
1529,1842,747,1675,1601
1529,428,1341,1693,1624
1531,1841,766,903,165
1528,1842,765,768,166
1527,2027,176,1811,1862
1418,2025,254,1227,1178
1418,2024,255,1226,1179
1420,2038,693,1122,501
1421,2028,236,746,894
1418,2027,235,749,1477
1358,408,1837,1082,656
1357,411,1852,1081,659
1356,410,1184,1080,658
1347,405,1212,1079,669
1364,699,1239,211,1107
1367,696,1249,208,1104
1366,701,1237,209,1105
1361,698,1255,214,1110
1407,414,1375,231,1132
1295,1717,2021,1910,1083
1308,1947,192,849,430
1334,644,18,1705,1694
1338,689,1495,832,478
1340,457,396,1100,1506
