609,821,707,22,794,586,52,775
836,716,851,337,344,233,15,147
505,723,506,570,28,807,20,236
499,710,509,390,27,795,19,235
428,718,442,342,351,238,8,135
430,488,419,233,31,109,17,389
600,797,606,48,55,474,51,66
113,486,164,592,482,316,35,211
510,715,500,395,22,790,30,230
845,730,846,563,21,814,29,229
429,485,430,40,30,96,28,304
501,639,504,719,13,249,14,829
116,483,161,597,487,310,38,214
593,722,675,62,557,160,59,111
597,529,688,202,792,450,59,10
490,778,485,574,33,462,36,253
590,779,672,35,562,463,37,118
626,32,589,37,34,117,38,757
443,728,466,250,328,810,31,353
445,730,427,327,334,255,25,151
445,54,435,250,8,302,0,406
591,36,585,780,34,113,57,456
447,52,433,248,14,300,2,404
110,249,102,647,1,612,57,538
579,704,692,211,569,176,44,18
582,752,684,731,520,324,5,245
578,725,702,769,511,831,12,461
576,203,684,626,572,449,40,248
107,499,177,581,503,297,54,571
284,250,260,769,492,298,33,413
857,732,845,332,325,314,18,148
870,750,881,375,378,203,45,177
220,751,221,374,26,428,29,804
476,419,469,21,58,207,61,704
470,749,474,825,1,775,52,501
632,243,740,586,830,505,11,192
581,23,634,18,21,66,17,704
475,631,575,634,448,12,3,720
637,569,664,226,816,483,19,34
90,454,82,199,49,284,63,427
629,254,745,583,819,500,29,205
465,740,561,29,451,782,1,786
82,453,135,627,449,287,0,246
754,15,712,195,53,522,57,431
589,31,626,26,29,74,2,712
346,80,438,736,453,368,31,544
624,824,749,48,782,614,0,105
305,755,204,433,7,439,9,58
617,737,649,520,545,789,38,222
619,764,576,808,213,234,37,484
885,760,866,352,361,216,62,177
461,613,557,616,466,30,17,706
400,22,403,475,34,270,32,94
72,680,79,212,23,229,35,577
402,20,401,473,32,259,34,92
78,470,148,608,466,277,19,536
294,759,281,754,51,211,52,481
72,746,76,202,12,572,3,323
66,469,146,611,465,80,16,230
318,216,294,793,462,264,3,447
612,755,595,807,218,229,42,491
455,678,456,589,126,616,127,794
325,751,329,518,32,231,40,208
488,430,485,175,93,43,87,451
130,684,141,140,291,293,115,176
539,652,559,856,165,870,85,404
679,653,837,92,280,169,78,441
489,655,507,279,286,175,73,198
540,664,552,869,162,847,91,403
435,648,605,860,418,866,81,400
318,663,305,638,88,159,80,168
62,422,225,528,418,35,99,622
533,675,767,569,617,300,123,170
308,666,316,627,85,146,93,165
483,645,394,162,272,882,71,306
776,575,783,655,77,185,78,893
557,127,530,122,125,42,121,687
530,544,762,655,604,161,81,163
440,724,434,461,80,848,90,160
292,638,461,670,443,191,97,606
39,447,253,521,443,381,122,590
525,837,656,77,883,539,102,20
522,409,661,841,892,71,104,389
426,469,419,99,76,185,75,691
565,103,522,98,101,50,122,690
428,646,427,623,73,882,65,185
520,652,662,119,886,542,98,16
568,106,519,111,104,63,119,698
701,667,863,78,258,190,84,419
497,448,414,356,444,183,127,548
516,191,661,83,895,609,104,11
796,154,866,837,104,312,110,456
42,103,243,299,439,893,118,108
163,656,162,265,101,468,98,859
517,577,736,154,840,402,112,90
407,686,409,481,127,837,119,143
809,447,821,573,391,75,68,663
415,762,404,529,34,564,35,838
575,637,732,531,889,422,87,135
568,654,722,677,630,260,123,139
153,306,152,683,89,864,94,495
569,892,575,84,73,440,82,1
571,764,735,677,629,840,113,136
403,678,628,95,385,844,67,848
653,678,879,124,306,142,100,403
565,163,560,93,114,84,113,34
18,389,194,563,385,0,64,176
563,886,731,94,591,573,67,11
403,492,410,90,117,128,114,648
24,384,194,566,388,341,69,584
450,673,464,316,309,132,98,236
559,834,690,111,849,569,69,54
555,623,718,180,870,437,94,116
389,700,399,499,109,855,101,157
5,13,216,701,408,301,66,637
477,698,459,295,302,159,121,229
477,86,467,154,104,321,96,502
553,876,705,68,597,551,66,17
476,493,442,329,401,154,82,521
14,175,200,697,403,485,76,630
547,867,528,176,195,876,77,93
818,521,825,697,123,143,120,843
466,693,452,300,289,144,118,234
14,402,6,147,101,327,107,511
3,694,200,148,554,624,65,547
824,688,815,301,292,149,115,253
132,524,133,700,126,138,125,846
688,579,711,467,474,421,141,11
300,591,318,466,475,106,140,16
244,950,48,576,361,713,183,652
127,468,126,589,191,902,184,270
300,167,290,107,157,432,145,263
962,597,973,700,154,929,146,106
383,263,369,581,135,115,132,951
731,582,554,744,663,63,144,104
727,956,586,159,937,707,189,202
726,915,574,187,682,709,166,238
726,660,565,762,912,335,165,110
301,357,302,168,158,224,156,447
292,578,333,101,471,949,128,502
722,593,544,189,686,35,184,233
721,916,569,188,685,706,186,233
204,607,203,694,144,87,152,96
317,606,303,455,458,123,157,1
314,604,336,453,459,936,157,751
359,604,367,904,176,950,133,324
234,381,63,715,377,424,184,78
718,910,765,93,46,897,187,176
110,92,108,598,148,96,151,932
714,587,558,598,692,924,163,121
352,524,366,277,136,904,130,120
988,326,972,708,382,178,189,622
306,600,344,461,451,928,149,742
153,767,158,115,237,86,220,763
764,942,754,124,238,908,231,666
767,708,750,115,118,65,11,287
753,598,532,170,463,696,47,210
765,113,743,121,459,337,57,287
764,763,531,111,455,922,32,486
716,951,610,191,944,745,8,230
712,100,621,587,638,332,223,945
714,77,711,69,15,377,5,652
719,616,554,148,493,646,17,236
717,623,552,958,500,896,22,942
716,619,553,959,501,897,23,945
705,762,634,66,1023,613,8,693
325,575,334,380,679,377,220,179
708,76,723,160,482,658,61,248
714,753,711,70,67,114,62,298
717,949,733,78,507,435,2,683
711,945,560,153,357,743,3,204
708,67,713,75,219,375,212,642
714,66,516,95,343,57,220,684
717,109,756,67,183,156,57,303
710,120,543,906,695,373,7,578
182,608,138,649,583,131,53,348
726,475,522,66,596,38,195,691
726,428,526,978,946,446,49,650
720,699,610,90,914,138,5,449
732,624,568,80,485,942,6,653
729,308,626,135,922,65,117,255
178,607,143,626,573,69,36,96
724,300,624,94,935,82,27,451
735,429,621,87,600,445,205,697
730,86,732,94,204,354,193,312
190,642,180,635,424,85,26,121
732,84,546,92,459,688,202,698
735,737,718,82,86,106,43,313
734,741,719,82,87,102,42,318
722,670,707,140,494,751,22,217
723,671,706,141,495,755,23,216
679,1013,681,47,177,983,188,715
680,320,516,987,564,249,71,965
673,476,579,42,407,346,106,325
676,671,543,39,917,512,109,720
680,990,607,246,266,661,108,163
678,664,683,43,47,19,82,320
673,428,524,53,551,81,180,708
195,766,201,535,469,40,103,4
673,439,525,568,575,241,78,1004
205,544,240,525,578,58,79,31
681,658,676,37,32,23,93,329
680,717,685,44,190,302,185,328
683,422,631,63,557,91,190,718
673,986,598,210,262,644,101,139
685,659,530,32,923,520,96,331
678,350,597,1007,360,344,180,966
691,692,605,32,392,896,111,425
695,369,535,726,960,235,127,307
699,707,621,571,525,279,169,984
688,16,649,62,206,225,68,338
701,325,584,1012,371,323,175,989
700,720,519,573,546,433,83,971
689,444,540,37,563,65,164,724
688,450,619,56,567,466,162,726
692,531,533,239,980,765,106,151
223,536,227,737,558,234,92,309
697,53,623,61,301,257,162,347
696,691,534,50,971,726,112,426
693,349,537,966,553,228,90,986
698,50,587,58,429,924,165,732
214,752,252,528,341,49,21,353
215,30,214,523,19,50,20,352
232,558,208,555,673,253,38,345
233,559,209,554,672,248,39,344
234,631,216,544,1020,202,56,323
238,271,198,982,292,312,51,354
232,549,212,983,731,249,34,738
237,36,236,565,41,10,46,346
238,712,232,638,493,11,45,325
239,713,197,553,364,8,44,347
224,41,225,568,36,7,35,340
225,932,220,551,680,263,46,336
184,988,137,694,268,548,6,541
667,757,596,559,1013,300,25,328
167,59,140,557,263,679,30,680
43,615,58,1015,705,545,15,412
643,752,593,554,1008,297,28,524
40,517,60,443,729,511,14,1002
185,520,168,623,396,587,18,61
671,751,590,565,1007,310,3,53
642,748,589,566,1004,309,0,336
643,983,561,563,1005,698,1,345
665,746,587,560,1002,307,6,529
645,994,567,574,1003,700,7,362
49,540,37,418,731,486,23,1011
665,1005,686,637,235,289,16,52
180,974,155,538,286,566,20,643
176,518,161,614,389,561,27,52
329,452,298,389,265,990,2,243
180,644,145,301,725,582,25,961
767,998,265,647,224,298,27,712
656,56,679,545,227,199,20,1005
178,968,157,539,280,560,18,628
764,997,266,629,227,297,24,715
329,1016,344,927,124,970,482,461
333,470,359,548,237,219,499,880
331,1021,346,925,126,968,480,463
453,963,470,551,832,590,485,131
188,58,212,123,247,544,508,269
329,898,351,1000,112,972,487,870
886,804,953,964,536,200,500,170
590,466,605,464,235,217,501,824
616,49,618,557,228,210,506,889
325,889,355,559,805,926,488,850
1019,52,539,869,249,434,498,259
327,908,337,997,126,964,489,867
1021,50,542,867,255,58,500,261
864,787,946,969,531,202,511,1004
182,48,222,138,253,554,502,263
623,60,621,554,227,213,509,894
348,550,371,1009,246,990,508,922
366,841,446,813,226,563,489,282
892,520,843,873,270,196,501,465
865,781,940,983,525,212,481,471
261,871,272,57,363,460,54,192
389,1005,428,982,852,983,87,790
877,910,983,511,518,855,67,802
918,522,981,24,519,838,71,100
879,501,891,572,359,153,91,487
912,299,885,897,436,382,73,237
1004,515,561,498,845,958,67,133
395,520,431,986,858,14,95,797
913,518,885,889,419,534,69,591
875,156,984,500,525,292,78,473
918,525,873,1012,91,13,90,255
866,301,883,831,439,376,79,851
980,103,573,557,781,997,29,43
863,516,918,831,824,876,113,448
931,575,992,51,562,878,114,85
862,502,995,829,567,253,115,796
933,569,845,48,393,552,116,83
429,113,403,531,796,956,97,297
419,55,440,571,187,34,115,798
431,939,429,555,99,1001,101,304
932,562,833,845,407,546,113,559
555,525,560,374,894,384,112,135
939,567,945,62,225,891,122,93
935,779,916,840,548,239,123,556
859,818,915,521,515,230,117,47
940,560,1007,57,573,892,125,90
416,958,439,448,92,1000,19,171
942,566,1005,50,513,870,118,183
436,967,393,941,778,1015,114,212
841,555,872,170,266,239,104,184
947,559,1008,35,546,890,98,68
846,292,863,801,414,382,102,799
845,557,861,476,409,571,100,171
294,1012,261,484,887,257,116,282
958,540,1012,965,551,888,102,212
972,480,970,18,98,895,103,226
846,1019,917,465,826,396,121,491
967,343,571,17,97,252,96,234
433,246,397,549,774,289,126,846
435,1013,398,972,780,792,122,317
951,491,1020,537,530,230,101,881
439,561,437,845,120,296,121,853
959,547,933,47,250,886,110,186
573,545,532,359,872,924,102,153
458,588,505,967,887,985,4,807
828,603,808,849,492,587,17,885
466,578,507,1020,771,904,0,835
961,601,794,216,376,157,26,207
462,983,477,820,49,907,121,812
463,983,476,811,48,901,120,800
828,607,815,430,491,585,22,190
459,413,458,42,31,223,30,310
475,610,497,37,774,1004,24,313
820,200,908,858,601,368,26,892
454,608,449,39,18,1006,19,315
963,609,1020,952,867,773,18,169
952,11,593,577,890,905,113,71
972,592,982,66,128,773,29,201
970,207,907,423,606,375,29,154
822,832,1008,422,607,248,26,208
977,589,914,95,576,796,0,35
989,881,1006,818,606,156,1,598
985,844,1005,589,636,154,11,770
990,883,1004,816,604,151,3,512
930,29,585,432,864,927,105,230
978,591,828,926,484,607,5,440
929,441,577,433,769,296,14,888
465,381,448,446,210,790,20,780
986,362,775,195,355,313,1,200
478,623,493,837,795,71,31,363
987,583,977,75,15,786,10,37
991,963,922,434,587,794,14,136
471,975,453,946,41,915,97,820
474,802,471,837,25,918,31,322
604,629,583,262,777,500,7,253
468,17,489,576,867,969,27,811
795,360,780,388,501,304,42,858
791,1017,928,392,625,800,52,418
923,925,636,336,862,344,32,915
64,1009,70,910,22,938,94,768
494,612,477,786,851,932,38,769
495,55,467,994,850,1020,33,770
795,636,932,886,630,815,54,853
480,341,496,864,249,822,62,354
75,1019,77,902,29,935,85,768
997,347,773,1009,452,270,57,910
785,235,943,387,634,339,57,863
485,576,480,387,62,975,59,236
1002,443,940,585,578,182,53,801
1004,624,1003,124,56,805,61,233
510,164,473,933,815,371,42,872
1005,629,822,244,340,177,54,230
904,597,580,404,550,978,32,998
1008,867,974,99,609,197,36,13
908,421,594,87,805,172,43,166
782,422,980,877,131,173,42,844
782,577,797,411,261,611,52,895
770,875,970,592,609,191,37,118
1015,619,1005,121,189,830,38,0
910,594,622,367,800,473,46,913
499,190,463,615,836,355,60,780
499,44,463,958,824,1007,61,781
775,328,790,858,466,285,42,811
496,631,450,612,839,1005,63,783
1021,585,789,105,267,619,60,9
496,1010,484,426,7,956,64,253
1023,98,962,106,622,102,46,8
501,49,457,1016,840,998,59,792
895,677,692,356,726,802,208,790
1020,254,836,916,657,440,210,949
264,784,283,1008,247,834,191,999
264,207,309,668,959,789,199,1015
1020,438,987,31,447,492,221,9
264,778,284,338,252,836,184,5
405,839,438,343,964,425,199,434
645,234,687,475,976,502,223,24
259,648,305,894,959,839,202,992
894,11,680,382,948,396,204,956
779,663,785,158,65,966,218,253
270,795,274,674,250,846,182,991
175,640,185,659,944,407,200,1016
780,656,774,130,216,965,221,9
783,659,999,129,291,642,222,253
1010,346,847,913,672,81,214,944
797,418,1020,776,317,503,192,723
278,419,262,918,15,989,200,404
798,416,1022,778,319,501,194,887
1006,909,812,903,643,84,195,952
287,774,269,868,225,854,169,1020
793,23,848,1020,666,428,198,657
993,321,806,691,911,76,198,360
795,653,1022,1010,316,669,199,656
264,664,289,806,985,803,218,921
285,913,286,1002,220,419,219,123
992,27,863,371,650,419,201,110
794,646,857,148,651,970,203,236
797,641,775,147,87,973,204,239
671,330,864,455,200,973,205,40
864,496,668,182,198,91,199,76
999,429,960,4,420,510,198,15
801,701,827,177,107,1000,240,214
297,403,310,854,63,1002,248,420
129,816,135,850,215,864,159,970
853,33,642,340,926,422,230,0
302,104,275,808,915,435,224,972
302,823,316,840,208,876,152,966
807,699,829,183,107,1006,246,217
806,698,828,168,108,1003,247,212
682,688,643,501,1023,780,241,55
980,691,818,953,98,992,249,922
291,640,275,199,996,782,250,475
289,109,284,807,924,444,239,963
977,45,873,959,700,405,255,903
814,947,786,648,642,103,244,174
815,695,821,179,96,999,254,54
685,689,644,503,1016,778,246,11
817,172,869,161,672,168,224,198
816,684,984,190,284,701,225,198
840,664,646,223,742,790,226,451
818,686,881,162,675,994,227,196
974,641,989,339,449,675,244,949
305,891,256,963,898,912,244,84
820,388,1001,45,397,478,239,59
970,354,775,937,938,105,231,904
960,394,999,35,387,464,225,50
305,395,302,838,39,1009,224,445
967,397,982,938,279,500,244,905
307,393,300,835,37,1002,226,446
311,688,308,844,249,427,248,980
311,815,292,972,200,884,128,990
755,145,739,346,1003,100,231,900
315,962,294,768,61,889,253,82
827,430,706,232,152,5,153,18
707,172,738,413,918,432,153,94
331,280,335,175,154,90,155,435
825,745,730,174,909,360,147,434
837,216,785,208,724,220,148,178
819,274,741,289,912,31,156,117
839,731,861,201,13,906,150,177
321,210,345,296,80,194,146,933
642,749,659,300,925,874,145,75
345,3,382,775,904,491,141,975
346,714,371,884,907,793,136,971
713,736,722,403,924,353,146,105
845,721,842,221,153,900,156,179
325,842,327,705,137,774,143,466
953,976,881,721,737,4,151,205
949,720,789,299,665,214,159,960
855,714,953,798,353,708,128,317
341,27,358,936,998,455,149,48
345,734,346,828,151,455,150,954
850,718,785,199,707,923,131,165
856,767,833,909,187,922,132,805
854,312,950,753,426,84,150,298
337,858,348,960,146,793,148,449
808,445,725,307,134,31,135,954
730,181,704,388,911,425,128,71
863,967,870,710,759,17,128,905
859,711,833,203,17,918,138,173
934,705,946,980,374,724,139,1000
338,745,343,315,137,842,145,95
343,888,360,858,1002,974,153,948
863,707,837,209,26,918,142,161
800,762,747,315,646,893,143,841
865,765,875,239,181,936,176,159
362,876,357,779,164,15,163,906
922,760,955,121,473,60,187,110
864,1021,860,764,716,41,186,224
375,318,361,137,188,124,189,405
367,172,339,866,981,806,216,908
871,763,804,242,758,938,182,145
875,101,802,910,744,478,180,737
917,734,897,1021,415,707,168,966
872,756,882,230,45,929,185,109
867,104,815,899,741,467,185,996
870,105,814,898,740,466,184,698
380,38,347,807,941,501,168,1002
876,241,824,226,765,245,189,155
879,755,872,225,187,934,190,145
795,799,708,729,977,908,170,237
909,872,817,995,736,945,165,964
880,748,874,224,53,953,161,142
379,728,377,159,170,854,171,387
377,55,324,820,946,488,183,903
371,907,382,1010,177,823,182,499
904,877,817,997,741,660,160,961
907,1000,841,994,742,49,166,963
896,1001,840,744,739,61,167,244
885,984,839,923,759,53,168,683
771,723,722,148,951,861,169,392
903,461,918,1002,343,436,168,969
890,742,864,234,48,938,171,140
893,737,830,243,748,948,172,138
892,736,886,236,168,949,173,121
883,740,919,923,341,756,174,685
368,53,328,447,960,477,187,41
648,562,663,248,926,76,857,517
141,563,109,153,684,614,849,227
648,975,693,197,67,537,838,118
254,855,286,735,63,148,839,66
133,792,184,779,276,796,852,882
132,280,131,778,848,77,853,897
135,283,111,791,683,266,854,881
130,902,194,159,279,575,852,1011
117,28,183,22,284,952,861,72
242,615,267,801,849,972,848,986
139,279,145,798,961,66,858,892
138,791,183,794,283,787,859,893
133,314,101,99,638,294,844,28
245,911,300,762,48,520,840,81
268,294,293,595,89,170,855,913
118,910,202,742,287,566,860,940
146,546,79,907,555,632,841,922
144,268,138,798,988,89,833,878
147,271,137,771,991,90,834,918
146,270,209,796,259,95,835,868
664,318,685,889,90,176,836,613
656,794,651,264,904,785,832,45
159,288,127,121,612,318,854,25
644,317,668,890,847,179,846,614
153,261,131,791,979,73,840,879
110,765,128,262,900,24,840,796
935,841,970,133,1010,304,891,905
928,847,950,839,530,660,833,937
646,223,652,963,852,16,919,529
584,259,581,746,870,112,868,725
640,745,672,768,50,731,869,738
646,214,700,216,919,588,916,103
713,267,712,727,859,673,857,210
631,94,587,710,118,68,959,897
714,725,715,265,859,210,857,675
564,780,515,316,858,1017,850,25
699,271,656,583,9,828,853,922
639,843,625,75,848,688,857,78
719,269,718,721,861,679,860,214
696,268,659,580,17,831,854,921
575,235,536,306,20,528,938,105
705,734,704,258,848,219,850,680
573,773,522,271,851,1008,859,16
572,232,539,305,104,575,928,106
699,239,665,542,111,34,935,109
654,835,670,236,108,645,939,636
800,214,828,711,862,574,851,927
689,728,657,817,3,746,852,721
169,735,131,706,970,676,844,49
687,710,651,815,29,897,842,719
677,733,658,528,951,1001,948,28
682,861,686,93,838,678,847,88
33,74,42,163,99,87,938,234
172,298,66,721,868,816,936,52
687,245,650,253,112,167,957,190
684,221,703,103,883,526,950,533
610,728,593,71,8,994,841,91
620,295,609,718,834,156,840,753
673,208,690,114,894,514,955,536
547,776,539,85,846,998,842,574
675,721,642,588,16,759,832,924
792,205,776,186,13,570,840,84
614,747,615,212,843,1000,839,85
678,849,675,82,842,126,845,84
602,647,627,924,2,693,963,881
868,673,881,62,113,923,816,34
536,663,540,44,823,927,819,41
536,45,553,662,111,40,822,912
733,810,732,41,817,5,822,47
594,874,613,346,831,927,820,127
721,37,735,628,987,212,990,125
592,914,625,354,231,597,977,115
528,806,543,162,829,912,820,35
529,668,535,163,828,927,816,34
530,701,543,340,819,642,817,39
210,676,226,697,945,735,823,74
603,34,636,361,96,606,820,120
872,676,875,62,824,543,829,36
720,339,715,863,795,118,979,842
532,33,549,666,99,36,826,925
711,147,747,610,19,94,987,17
582,900,615,334,241,579,967,101
522,677,519,332,808,666,809,63
517,666,574,698,104,678,976,994
524,641,527,190,801,898,814,63
700,382,701,674,814,724,812,165
705,53,739,612,29,88,974,109
713,672,749,841,123,999,812,683
512,822,516,178,813,896,804,51
688,370,689,686,802,728,803,171
514,655,513,176,815,908,803,49
588,149,619,321,24,591,976,103
580,869,636,50,809,897,813,601
693,682,692,374,807,175,806,732
518,649,512,379,804,900,815,47
198,688,246,685,71,715,966,94
569,14,522,693,76,11,789,946
836,162,856,170,39,240,1002,233
578,172,594,847,94,602,992,948
628,858,581,326,964,953,786,46
765,163,728,161,34,234,1007,29
626,11,597,378,73,631,797,81
835,165,853,173,32,247,1005,238
624,177,599,381,36,627,1004,92
759,169,723,514,43,102,995,977
752,160,714,174,993,570,994,235
575,372,562,669,785,7,784,674
846,166,855,170,45,315,992,21
565,2,518,697,64,7,793,959
571,371,565,667,790,201,796,985
247,375,7,646,537,353,799,918
842,168,860,170,41,225,996,22
615,863,592,341,778,938,769,74
614,834,599,340,982,939,768,60
234,360,176,667,354,51,1007,689
854,180,842,182,53,253,1016,10
556,673,557,158,769,930,782,31
547,363,557,669,773,209,772,961
99,703,83,203,60,330,1005,355
850,180,856,185,49,951,1020,255
544,687,550,349,769,930,777,9
657,654,656,338,771,137,770,760
227,879,198,661,154,895,778,123
557,684,530,671,79,929,778,971
105,70,95,179,54,913,999,364
552,682,532,665,73,935,780,696
229,22,216,356,910,1015,943,66
228,848,164,352,303,933,959,69
30,106,54,982,128,990,800,389
26,242,57,411,152,421,843,170
676,423,661,955,1011,207,805,856
31,925,63,769,92,923,804,785
30,234,41,790,132,529,814,776
24,225,9,629,989,384,852,1020
29,692,234,412,558,737,840,215
27,921,82,773,88,927,800,789
20,402,19,777,802,217,815,772
21,403,18,776,803,197,814,768
16,1013,37,792,138,771,800,774
23,917,94,777,84,924,812,798
23,899,89,401,408,904,833,180
23,407,58,790,141,220,810,769
20,404,57,789,142,194,809,775
21,600,63,797,143,850,808,770
13,244,29,608,968,448,833,1001
13,395,10,784,827,221,822,797
692,120,645,929,1003,214,824,836
15,393,34,776,147,845,820,794
690,173,658,947,569,888,862,839
14,904,20,396,965,781,859,220
10,904,42,788,73,896,817,778
11,444,12,789,829,199,816,775
4,386,47,771,152,212,831,785
2,904,76,388,397,925,852,161
1,94,34,447,156,402,813,218
6,139,36,626,395,812,854,999
2,797,51,971,156,790,822,410
1,391,6,796,823,204,826,788
3,625,251,633,747,837,818,799
4,129,32,118,64,858,824,211
60,206,13,818,160,565,778,809
645,75,694,630,987,229,779,887
62,989,13,816,162,811,776,814
62,165,197,580,726,838,779,800
62,446,19,831,164,245,771,813
62,187,26,76,122,864,770,244
60,444,61,807,780,234,769,815
61,953,27,805,120,945,768,827
654,66,703,909,984,236,770,894
52,185,22,576,441,798,877,981
49,933,22,439,446,942,871,146
48,216,19,433,178,399,865,158
55,223,32,438,1020,392,870,253
842,671,843,690,798,1006,788,908
52,436,53,815,772,255,777,807
53,814,0,820,175,805,773,802
42,426,43,817,794,252,791,828
47,91,7,999,177,977,785,436
41,124,31,424,180,551,773,142
41,425,4,808,179,255,788,831
40,404,221,805,719,445,787,803
46,922,110,426,498,879,786,143
44,428,7,813,182,872,785,826
659,93,668,614,183,244,797,879
36,934,109,826,103,942,799,804
671,128,703,926,532,853,883,875
32,212,2,808,186,445,784,819
33,620,11,809,187,870,796,817
32,210,4,814,188,443,790,821
33,931,1,831,98,938,794,808
37,945,2,419,426,954,890,134
36,215,25,421,847,819,878,131
91,4,120,479,198,456,887,128
743,15,753,1004,253,725,886,791
95,988,67,554,919,858,780,837
741,41,744,998,820,135,873,789
95,1003,31,481,387,798,867,254
89,171,125,855,197,450,879,841
90,476,119,861,198,792,865,842
92,180,75,477,919,483,781,139
83,985,116,469,476,972,780,240
85,467,126,850,201,152,878,837
813,760,812,725,889,905,883,1002
751,33,732,540,946,143,865,797
87,175,106,470,828,832,797,247
87,979,113,847,18,981,874,863
82,537,126,860,206,787,873,836
83,944,96,861,207,835,869,838
76,190,125,834,208,581,890,860
75,942,126,835,209,861,891,856
73,1021,9,503,386,776,786,232
78,572,102,564,804,776,895,850
79,56,101,474,212,781,894,146
75,852,122,898,213,856,895,467
76,184,110,836,214,465,892,858
76,180,113,461,807,862,774,236
766,50,755,1003,802,156,882,782
67,967,101,859,6,974,894,844
65,25,98,448,220,477,877,155
65,181,118,841,219,590,881,850
71,750,176,454,628,699,786,144
71,857,114,847,221,849,887,852
64,52,105,904,222,157,884,475
69,453,110,836,223,769,888,854
122,1022,53,866,63,1014,839,892
122,34,76,507,231,628,854,160
126,565,82,880,226,831,837,879
127,505,84,888,227,175,836,879
126,1018,49,870,59,1020,835,886
121,868,74,894,229,872,847,879
769,724,768,761,862,933,863,967
123,867,72,885,231,875,845,878
114,498,115,873,834,185,847,868
114,558,52,500,430,173,835,168
112,449,113,872,832,186,845,890
780,729,781,756,851,936,850,971
119,1021,80,497,504,1000,801,212
119,876,66,886,237,864,839,871
116,462,135,895,661,487,841,889
713,458,760,988,926,162,840,821
984,143,969,543,190,59,812,848
163,566,164,531,454,516,788,960
229,60,232,488,798,894,793,804
163,221,223,107,733,704,793,503
600,172,653,794,735,559,798,960
991,59,988,984,793,892,798,803
85,545,54,55,488,800,794,983
603,175,654,793,732,554,797,972
664,60,666,559,788,916,787,193
92,486,59,61,487,185,789,39
595,162,652,788,721,220,784,657
977,58,978,968,791,881,784,813
179,210,208,100,722,719,790,832
88,227,66,60,483,836,785,31
668,47,660,105,169,135,785,919
603,163,649,480,732,248,793,140
974,823,980,557,300,706,736,723
941,345,888,751,810,988,747,565
870,467,872,405,341,376,749,486
422,980,451,450,29,725,751,481
421,282,443,961,30,700,744,600
869,449,871,978,745,622,750,325
418,280,441,902,28,693,746,602
418,293,440,453,25,702,747,487
932,336,894,742,803,302,738,572
429,279,438,905,19,689,741,597
544,452,547,551,742,646,737,732
930,339,882,741,800,976,737,864
928,340,885,738,807,983,742,567
963,460,988,574,737,329,742,731
877,342,842,59,803,979,740,408
549,462,550,572,739,642,740,729
433,270,431,981,10,675,764,588
441,337,454,558,38,815,756,10
958,330,868,764,825,306,760,575
260,477,265,9,767,666,760,709
439,266,427,469,10,685,760,564
432,962,469,468,11,707,761,496
435,961,470,471,8,704,762,503
955,335,865,761,828,305,765,556
945,320,865,758,819,965,754,883
329,311,309,385,823,810,755,31
447,260,421,475,4,675,758,507
969,1017,985,503,823,930,753,835
895,324,856,41,817,967,758,394
945,325,875,755,822,258,759,561
19,304,48,477,39,757,756,665
977,808,971,562,307,733,767,717
387,318,415,481,62,665,716,513
388,319,414,480,63,664,717,452
391,7,480,486,60,354,718,508
909,597,852,793,776,786,713,3
391,1011,484,485,58,754,712,516
402,1012,489,463,37,715,300,281
395,790,377,506,787,834,261,904
400,789,376,61,787,832,260,374
389,30,351,397,620,565,300,904
388,311,406,493,55,750,266,852
414,399,502,325,100,480,291,962
706,275,729,490,96,964,291,761
710,480,716,831,816,625,318,257
410,684,488,55,3,789,260,353
406,304,401,490,48,745,269,460
710,278,733,507,100,962,295,764
411,999,493,606,100,271,296,740
393,766,503,425,466,805,305,53
408,508,415,745,312,920,319,594
409,509,414,744,313,918,318,595
387,348,409,46,718,929,716,264
410,686,431,692,671,696,309,703
409,676,428,690,668,703,310,698
399,684,510,431,468,699,311,49
722,778,734,807,640,635,318,269
385,295,390,509,39,766,282,476
397,776,357,32,789,861,281,374
396,698,510,33,21,771,274,362
388,409,480,333,113,505,309,34
396,778,349,453,801,11,297,750
401,677,418,703,660,692,318,691
402,9,328,410,635,545,315,926
503,882,287,90,884,807,355,268
496,79,474,429,747,263,321,664
683,379,675,402,970,122,330,656
497,299,507,649,323,64,699,256
874,671,882,709,306,894,333,536
509,734,396,477,422,716,325,67
877,72,849,91,572,258,326,263
491,93,476,942,756,262,321,371
511,350,409,87,77,865,322,370
675,891,687,854,642,522,340,380
498,495,406,293,7,409,323,83
486,341,500,399,85,652,360,824
677,373,685,412,964,116,324,671
679,663,687,890,816,857,333,374
502,345,296,396,966,672,327,430
504,300,482,85,693,986,695,372
508,269,396,958,18,406,686,260
509,75,458,952,666,272,332,357
490,713,411,458,433,731,338,86
697,865,693,844,747,528,341,376
895,90,835,73,557,272,340,277
484,900,409,447,85,699,348,643
494,499,394,294,27,400,351,72
495,709,459,313,765,731,343,80
501,714,452,310,754,724,344,973
481,334,319,494,990,695,336,441
482,656,488,306,674,281,346,95
495,510,391,308,21,392,338,947
484,875,316,402,843,105,328,120
498,719,449,546,759,721,349,724
497,709,452,735,756,724,350,723
884,262,839,116,558,869,673,273
471,850,319,122,847,775,323,305
473,452,445,270,44,427,360,120
464,266,474,680,354,103,666,289
468,109,504,126,706,295,355,290
457,758,504,266,718,749,356,1009
477,759,511,267,719,748,357,98
655,701,644,510,785,882,358,690
844,950,835,397,717,703,359,292
464,674,430,496,395,892,360,109
837,282,851,896,72,869,329,541
466,753,431,498,393,894,362,110
452,761,503,532,705,738,363,743
473,118,503,901,735,301,362,703
478,335,466,901,125,754,372,796
647,342,655,431,998,86,358,700
454,306,435,897,45,425,657,962
456,698,438,488,403,868,368,115
478,739,493,757,731,760,369,765
453,755,439,104,92,842,341,318
459,744,438,491,400,871,371,117
475,751,488,757,734,761,372,766
671,441,661,870,873,552,359,323
861,277,878,108,524,866,654,333
474,839,296,427,834,790,340,985
657,321,650,424,51,919,368,683
456,846,281,398,869,76,365,682
459,845,282,389,870,76,366,680
470,914,269,440,570,936,377,975
459,765,441,102,82,836,347,301
453,406,279,444,1013,69,373,413
465,748,484,513,724,759,382,754
457,446,291,405,864,912,365,545
312,414,319,324,158,583,419,353
309,320,477,495,926,876,403,878
616,944,612,925,561,705,388,425
315,588,325,283,352,919,387,133
621,444,613,325,780,188,396,599
620,606,614,285,654,872,399,593
297,721,280,519,556,128,390,524
310,329,475,157,933,874,405,593
293,426,311,330,150,582,427,1008
305,539,277,487,547,512,393,142
317,412,347,175,143,931,384,432
290,425,308,867,155,532,402,1018
316,328,333,859,137,449,385,603
316,959,466,151,953,1002,430,595
289,729,272,527,548,136,398,515
613,957,617,912,572,716,393,442
296,514,266,510,570,540,400,151
954,505,905,139,747,901,617,429
632,933,629,909,554,700,401,417
293,397,300,382,137,600,432,719
312,142,271,893,556,469,402,416
312,399,499,340,797,635,412,992
636,929,625,905,549,696,405,421
294,534,338,141,185,943,432,585
289,179,346,248,130,471,443,912
946,497,897,131,736,909,609,421
303,128,344,883,138,475,391,585
291,512,338,259,376,535,411,159
944,332,921,876,774,883,398,741
631,943,635,898,598,734,384,438
307,190,348,350,128,471,445,1007
305,392,334,857,151,952,405,885
907,451,952,186,729,948,600,411
269,187,355,840,177,480,444,405
276,355,510,328,957,845,432,706
279,262,383,460,237,280,426,843
284,257,376,459,233,287,429,189
265,435,372,833,162,908,431,415
286,414,262,359,589,901,391,161
277,535,353,530,167,926,416,412
577,400,602,361,227,839,416,635
579,879,600,958,229,838,417,402
274,608,280,450,594,489,426,169
578,956,588,498,543,668,425,627
257,574,310,450,518,544,428,825
284,922,461,338,945,155,441,638
583,407,604,382,229,833,422,636
282,181,308,838,535,494,425,636
287,546,298,719,538,572,432,569
603,496,592,904,821,139,438,483
600,393,595,917,816,136,437,503
286,545,297,477,537,570,435,806
606,398,582,929,248,859,444,399
258,739,299,351,543,176,437,502
257,469,270,172,588,177,590,397
262,170,256,155,430,502,431,611
271,569,381,162,333,896,447,508
264,568,380,163,151,897,400,615
163,182,164,140,388,904,504,964
650,337,654,164,504,937,510,621
875,281,866,309,395,646,510,470
654,139,648,305,394,945,388,474
658,753,652,850,388,412,508,798
166,548,158,165,403,939,402,962
889,246,840,304,645,972,505,423
756,659,755,247,504,485,387,970
221,657,238,351,504,217,384,809
895,810,849,432,646,430,504,426
791,523,786,222,488,976,489,708
786,520,787,258,388,1015,391,438
224,659,234,257,391,209,388,455
732,217,729,816,506,426,507,611
753,261,743,276,503,638,393,445
934,792,933,738,484,989,511,529
886,526,893,269,395,1016,392,441
895,516,892,209,487,991,509,817
795,267,784,334,507,462,397,420
211,766,310,295,648,539,497,968
720,810,704,316,699,636,506,427
933,811,922,418,698,777,507,428
780,538,774,328,491,995,402,470
773,586,776,995,509,603,508,626
769,585,779,200,510,603,484,808
739,664,737,772,511,477,485,512
776,961,768,283,405,621,495,466
864,543,866,333,494,998,407,467
998,775,965,279,663,1017,404,994
771,541,769,992,482,963,481,622
759,260,737,277,409,429,487,622
876,514,835,321,604,1002,411,557
867,528,877,192,502,974,503,386
747,585,739,780,503,593,493,520
776,274,768,924,483,474,413,613
778,260,770,341,490,615,482,437
875,208,874,320,484,707,412,460
780,528,777,197,499,971,498,805
820,553,822,1020,475,977,418,594
818,634,824,251,461,621,460,795
723,633,730,248,462,622,468,566
200,239,279,275,678,766,417,390
721,631,732,276,470,623,466,1003
713,316,714,786,472,597,474,919
863,544,849,249,474,980,420,405
761,209,757,279,658,1002,470,388
852,333,888,390,685,461,426,386
241,949,235,644,689,630,446,920
730,632,722,829,454,608,455,569
734,632,723,283,473,608,454,996
816,1019,824,302,429,597,471,490
250,217,198,794,464,412,466,921
850,547,857,297,431,988,428,413
248,672,195,771,469,196,429,846
238,675,220,264,455,239,434,1013
239,706,271,283,692,551,461,1012
843,568,837,232,478,998,452,426
234,616,210,233,479,999,478,896
811,296,803,313,437,385,459,578
841,796,883,390,688,408,462,412
802,308,810,993,461,496,439,591
841,916,872,768,652,586,449,818
713,611,704,226,468,625,469,556
712,610,705,227,469,624,463,557
836,921,869,781,641,583,471,831
839,350,875,393,702,478,441,401
212,928,254,657,676,611,427,909
836,562,842,231,465,1001,459,417
839,561,841,228,466,1002,467,418
164,201,180,271,698,1010,454,412
1566,1257,1543,1651,1349,1645,1595,1641
1332,1434,1337,1785,1585,1419,1591,1028
1819,1433,1827,1816,1582,1046,1588,1137
1324,1661,1318,1684,1414,1632,1588,1451
1239,1439,1245,1822,1576,1416,1586,1278
1238,1438,1244,1823,1577,1417,1587,1285
1331,1437,1342,1790,1590,1419,1579,1027
1817,1314,1785,1773,1346,1489,1596,1026
1875,1854,1859,1784,1357,1028,1585,1647
1808,1426,1832,1811,1573,1053,1599,1140
1120,1262,1116,1639,1407,1464,1598,1647
1837,1680,1812,1737,1610,1260,1585,1549
1247,1475,1242,1814,1568,1048,1594,1292
1811,1347,1825,1767,1599,1800,1595,1055
1202,1741,1156,1661,1355,1635,1615,1639
1809,1345,1827,1849,1590,1837,1613,1028
1188,1503,1191,1802,1596,1028,1597,1258
1192,1831,1177,1761,1364,1052,1576,1650
1151,1270,1148,1221,1598,1239,1574,1267
1802,1388,1800,1829,1596,1397,1597,1201
1316,1749,1339,1219,1631,1490,1630,1474
1841,1265,1807,1218,1593,1232,1569,1268
1218,1500,1216,1057,1571,1026,1595,1455
1844,1099,1813,1402,1359,1416,1600,1126
1228,1411,1217,1066,1588,1429,1589,1467
1189,1839,1169,1652,1372,1044,1568,1658
1187,1222,1175,1777,1375,1436,1574,1660
1326,1408,1315,1763,1579,1430,1581,1054
1227,1496,1226,1755,1629,1070,1630,1647
1230,1414,1220,1799,1585,1428,1584,1309
1191,1810,1174,1775,1371,1071,1628,1659
1228,1412,1222,1797,1587,1430,1586,1253
1270,1669,1278,1429,1554,1284,1558,1072
1176,1765,1201,1740,1380,1571,1632,1605
1340,1812,1328,1746,1367,1070,1555,1605
1264,1464,1274,1849,1551,1450,1557,1315
1296,1789,1291,1235,1561,1426,1563,1819
1267,1462,1276,1424,1559,1454,1555,1066
1289,1786,1301,1771,1639,1619,1561,1424
1849,1392,1803,1744,1559,1826,1553,1058
1170,1099,1207,1247,1363,1429,1566,1432
1090,1833,1137,1216,1452,1603,1566,1814
1175,1435,1212,1269,1371,1359,1540,1918
1183,1508,1180,1841,1543,1087,1542,1323
1308,1773,1283,1275,1639,1504,1638,1530
1328,1735,1343,1842,1364,1087,1567,1531
1054,1279,1085,1775,1391,1050,1644,1025
1276,1504,1273,1845,1539,1083,1561,1237
1116,1307,1119,1249,1542,1512,1565,1060
1163,1106,1198,1222,1354,1420,1564,1409
1262,1138,1254,1788,1651,1419,1549,1588
1290,1797,1286,1727,1539,1087,1538,1620
1307,1726,1297,1709,1457,1618,1539,1435
1153,1530,1154,1839,1561,1057,1539,1333
1283,1681,1285,1814,1562,1703,1536,1078
1824,1232,1728,1240,1391,1561,1632,1097
1164,1572,1215,1806,1406,1034,1658,1318
1810,1845,1741,1739,1404,1316,1659,1628
1257,1790,1263,1829,1657,1911,1660,1340
1152,1521,1164,1699,1536,1032,1657,1597
1895,1840,1911,1741,1401,1037,1662,1625
1105,1302,1106,1260,1552,1509,1547,1065
1297,1716,1307,1703,1467,1624,1545,1433
1038,1609,1039,1037,1555,1082,1551,1516
1172,1679,1180,1109,1659,1606,1537,1529
1174,1688,1183,1729,1654,1379,1662,1577
1069,1171,1070,1385,1652,1110,1647,1434
1395,1489,1403,1172,1647,1486,1653,1424
1168,1503,1181,1142,1640,1486,1650,1511
1392,1502,1405,1725,1653,1487,1640,1088
1395,1288,1396,1904,1663,1634,1540,1101
1399,1292,1397,1168,1643,1609,1642,1428
1405,1775,1403,1896,1636,1753,1637,1096
1178,1490,1168,1875,1637,1477,1636,1353
1876,1880,1726,1860,1294,1367,1544,1130
1183,1488,1170,1145,1639,1478,1661,1512
1407,1914,1401,1728,1660,1088,1661,1579
1400,1738,1384,1725,1336,1572,1661,1098
1360,1194,1344,1726,1339,1532,1658,1579
1176,1666,1168,1683,1648,1529,1550,1594
1377,1483,1384,1866,1660,1500,1661,1412
1158,1780,1156,1750,1638,1807,1555,1592
1262,1686,1218,1571,1303,1616,1555,1590
1869,1284,1919,1707,1635,1877,1637,1110
1383,1677,1403,1756,1635,1518,1643,1596
1381,1479,1389,1154,1657,1496,1656,1414
1381,1691,1401,1674,1641,1504,1559,1571
1153,1476,1166,1506,1637,1500,1658,1112
1860,1130,1697,1415,1296,1705,1563,1284
1248,1429,1262,1862,1637,1131,1563,1578
1132,1782,1130,1409,1560,1127,1583,1141
1133,1783,1131,1408,1561,1126,1582,1135
1337,1378,1343,1516,1650,1691,1596,1124
1888,1765,1894,1314,1582,1544,1576,1124
1761,1179,1667,1610,1810,1632,1886,1510
1763,1858,1732,1358,1435,1639,1867,1371
1756,1680,1545,1380,1262,1860,1687,1392
1758,1900,1544,1663,1225,1879,1898,1452
1699,1490,1700,1548,1890,1105,1685,1625
1698,1506,1740,1547,1435,1534,1724,1575
1752,1307,1790,1383,1486,1529,1723,1385
1754,1914,1763,1659,1340,1589,1867,1453
1707,1260,1730,1698,1421,1281,1866,1642
1708,1917,1788,1166,1452,1574,1907,1460
1720,1398,1748,1800,1896,1380,1693,1616
1724,1515,1779,1399,1486,1532,1718,1406
1703,1166,1705,1541,1898,1906,1687,1643
1705,1563,1719,1908,1836,1725,1677,1617
1697,1692,1710,1566,1714,1599,1715,1662
1708,1805,1545,1754,1258,1617,1901,1624
1699,1641,1544,1542,1221,1408,1888,1632
1710,1669,1718,1707,1828,1180,1687,1603
1743,1205,1724,1651,1904,1437,1672,1475
1712,1654,1559,1561,1242,1439,1919,1589
1742,1204,1736,1388,1624,1096,1684,1395
1712,1652,1698,1178,1874,1098,1902,1681
1718,1203,1705,1897,1843,1592,1707,1589
1716,1524,1769,1565,1514,1512,1706,1585
1712,1774,1742,1465,1654,1906,1685,1122
1698,1526,1714,1388,1906,1122,1919,1396
1723,1663,1705,1169,1891,1089,1893,1918
1720,1662,1704,1722,1895,1088,1892,1612
1729,1636,1543,1300,1314,1605,1877,1031
1718,1675,1721,1557,1701,1576,1700,1641
1731,1659,1709,1647,1895,1093,1889,1475
1704,1529,1767,1406,1495,1504,1698,1396
1706,1866,1724,1822,1918,1587,1919,1211
1725,1418,1710,1867,1918,1093,1670,1585
1599,1768,1581,1696,1693,1045,1942,1337
1620,1283,1565,1439,1318,1299,1630,1433
1615,1968,1771,1579,1029,1940,1923,1402
1614,1397,1618,1631,1922,1209,1658,1690
1605,1767,1545,1564,1489,2007,1931,1727
1605,1952,1539,1106,1500,1736,1963,1375
1594,1282,1562,1413,1324,1307,1625,1419
1592,1930,1774,1689,1071,1969,1932,1347
1202,1564,1165,1786,1030,1125,1659,1169
1615,1421,1589,1340,1663,1428,1662,1197
1627,1117,1594,1673,1665,1372,1935,1167
1588,1966,1609,1695,1947,1739,1951,1315
1605,1556,1588,1303,1676,1930,1647,1285
1600,1394,1771,1790,1279,1380,1641,1695
1585,1295,1611,1710,1659,1213,1657,1330
1584,1025,1579,1710,1379,1514,1938,1335
1620,1313,1622,1789,1936,1193,1640,2033
1624,1762,1596,1290,1681,1079,1614,1310
1631,1681,1603,1788,1938,1185,1637,1684
1618,1929,1786,1599,1044,1942,1638,1703
1579,1050,1584,1675,1400,1520,1929,1319
1600,1928,1550,1434,1368,1709,1921,1425
1577,1048,1586,1719,1402,1523,1931,1317
1576,1680,1606,1668,1974,1198,1930,1332
1626,1636,1582,1920,1723,1532,1925,1750
1612,1309,1541,1434,1331,1284,1606,1428
1573,1648,1624,1679,1657,1744,1605,1370
1622,1151,1624,1782,1947,1922,1638,1690
1621,1198,1731,1287,1191,1268,1970,1302
1569,1138,1786,1416,1256,1692,1661,1432
1569,1311,1627,1726,1643,1190,1638,1314
1568,1247,1779,1727,1052,1274,1950,1372
1632,1610,1737,1143,1059,1983,1623,1400
1632,1312,1595,1737,1342,1340,1662,1765
1632,1127,1646,1608,1954,1358,1621,1689
1654,1500,1599,1440,1289,1342,1660,1450
1567,1611,1742,1486,1066,1945,1628,1087
1640,1316,1632,1638,1979,1199,1983,1369
1639,1697,1655,1598,1927,1182,1979,1683
1563,1700,1654,1443,1959,1172,1616,1440
1556,1948,1642,1462,1629,1764,1961,1442
1644,1585,1553,1330,1705,1967,1610,1213
1644,1752,1639,1311,1628,1672,1629,1166
1642,1708,1658,1587,1968,1171,1974,1775
1646,1757,1648,1930,2044,1595,1956,1687
1554,1093,1540,1679,1716,1244,1981,1330
1638,1712,1747,1472,1526,1681,1921,1245
1638,1181,1776,1332,1172,1230,1921,1343
1548,1330,1578,1454,1303,1314,1647,1448
1550,1284,1539,1696,1350,1784,1646,1286
1633,1708,1743,1500,1514,1677,1949,1217
1551,1116,1578,1446,1475,1714,1619,1462
1661,1966,1773,1327,1167,1386,1946,1341
1167,2042,1152,1742,1666,1371,1625,1200
1663,1582,1550,1325,1718,1968,1621,1338
1654,1712,1638,1652,1961,1166,1962,1692
1659,1727,1641,1105,1955,1153,1957,1980
1648,1336,1558,1314,1721,1322,1638,1334
1655,1928,1747,1555,1085,1973,1979,1346
1657,1294,1661,1617,1979,1176,1613,1786
1652,1698,1729,1490,1508,1667,1939,1217
1663,1601,1547,1950,1694,1497,1952,1779
1538,1930,1660,1440,1611,1782,1983,1458
1654,1165,1760,1316,1156,1239,1937,1330
1663,1578,1705,1745,1205,1994,1567,1401
1551,2011,1626,1064,1290,1664,2005,1781
1539,2025,1707,1653,1093,1991,1591,1783
1538,1577,1706,1659,1092,2013,1588,1775
1559,1754,1721,1450,1436,1787,2027,1209
1552,1583,1652,1501,1733,1304,1562,1485
1658,1707,1547,1477,1560,1758,1561,1494
1656,1563,1542,1753,1586,1679,1990,1401
1537,1353,1639,1363,1736,1373,1559,1350
1564,1738,1560,1485,1993,1274,1598,1486
1543,1962,1710,1661,1101,1782,1994,1342
1542,1738,1709,1544,1091,1312,1596,1331
1651,1033,1536,1743,1996,1313,1587,1407
1551,1696,1553,2027,1949,1626,1989,1676
1544,1622,1654,1284,1742,1997,1581,1242
1648,1736,1566,1756,2030,1270,2002,1389
1558,1994,1673,1311,1259,1294,2046,1220
1645,1724,1564,1490,1551,1740,1550,1473
1559,1610,1555,1363,1992,1686,1993,1243
1558,1611,1643,1352,1747,2007,1584,1223
1643,1041,1545,1728,1944,1770,2004,1383
1642,1321,1543,1739,1568,1469,1580,1390
1563,1367,1657,1726,1326,1355,1545,1752
1643,1448,1613,1492,1405,1354,1544,1502
1561,1754,1546,1553,1990,1411,1986,1780
1548,1446,1605,1498,1395,1348,1542,1492
1563,1075,1641,1602,1325,1103,1593,1691
1561,1179,1719,1985,1112,1214,2010,1688
1545,1050,1638,1474,1782,1254,1594,1501
1632,1754,1548,1076,2044,1252,1984,1533
1634,1987,1605,1489,1299,1766,1994,1498
1632,1563,1639,1729,1788,2034,2040,1304
1581,1061,1597,1569,1963,1756,2016,1303
1571,1376,1572,2043,1556,1241,1561,1701
1629,1544,1675,1779,1173,2024,1597,1347
1628,1363,1617,1778,1300,1709,1596,1371
1569,1238,1672,1407,1136,1197,2017,1248
1625,1377,1663,1510,1359,1400,1594,1516
1625,1366,1620,1783,1297,1704,1593,1365
1578,1559,1660,1673,1359,1716,1592,1781
1592,1370,1582,1928,1591,1234,1550,1702
1596,2036,1650,1528,1316,1745,2045,1517
1232,1746,1260,1579,1135,1286,1565,1241
1623,1688,1591,1520,1964,1572,1549,1512
1617,1771,1597,1029,1997,1237,2033,1485
1583,1566,1627,1998,1742,1417,2032,1699
1575,2036,1719,1397,1237,1328,1984,1378
1581,1555,1625,1991,1740,1419,2034,1697
1585,1049,1625,1640,1287,1125,1555,1713
1584,1392,1588,1641,2000,1272,2027,1732
1584,1519,1651,2027,1451,1386,2012,1723
1599,1776,1612,1078,1581,1335,1580,1303
1608,2025,1647,1509,1337,1740,2016,1520
1610,1577,1588,1771,1536,1700,2036,1354
1571,1396,1644,1512,1361,1386,1577,1504
1594,2014,1694,1575,1151,2034,1538,1280
1607,1086,1573,1754,1983,1718,1575,1355
1605,1555,1608,1505,1785,1316,1574,1521
1606,1413,1638,1529,1360,1383,1573,1523
1598,1547,1632,1421,1373,1704,1572,1259
1607,1555,1686,1430,1138,1985,1539,1127
1602,1083,1568,1759,1978,1715,1570,1349
1602,1407,1595,1509,2043,1259,2038,1533
1221,1082,1243,1681,1375,1314,1568,1240
1986,1202,1990,1588,1537,1328,2039,1870
1982,1480,2012,1825,1606,1874,2014,1200
1984,1202,1988,2024,1538,1313,2036,1849
1980,2026,1898,1810,1400,1545,2012,1222
1989,1895,1928,1948,1105,1539,1547,1855
1977,1153,1951,1030,1199,1176,2010,1032
1995,1581,1903,1969,1409,1539,2035,1266
1987,1890,1930,1951,1106,1620,1544,1638
1985,1936,1968,1171,1800,1548,2027,1156
1988,1279,1903,1992,1409,1255,2032,1267
1992,1897,1959,1552,1815,1439,1564,1841
1972,2018,1936,1813,1196,1863,2004,1230
1334,1845,1290,2012,1417,1248,2043,1343
1970,1554,1999,1817,1565,1869,1561,1189
1993,1578,1996,1183,1566,1870,1562,1519
1997,1480,2002,1554,1608,1886,2000,1870
1989,1891,1996,1035,1623,2015,2038,1043
2012,1810,1984,1997,1552,1313,2022,1800
2015,1811,1987,2001,1548,1304,1544,1258
2014,1493,1998,2001,1624,1839,1555,1252
1960,1174,1928,1034,1203,1160,1995,1026
1962,1488,2009,1814,1994,1275,2035,1240
2005,1893,1979,1535,1249,1444,1993,2044
2014,1186,1957,1156,1815,1886,1992,1180
1959,1520,1963,1850,1793,1385,1544,1159
2014,1597,1922,1160,1234,1881,1549,1528
2007,2026,1921,1896,1202,1865,1989,1800
2001,1797,1894,1141,1091,1828,1588,1384
1993,1123,1926,1055,1206,1153,1987,1045
1953,1122,1921,1054,1207,1152,1986,1040
1953,1536,2012,1852,1585,1879,1584,1194
2010,1541,1862,1156,1316,1217,1585,1291
2037,1186,1980,1086,1159,1212,2047,1078
2023,1977,1945,1259,1825,1572,1986,1333
1949,1511,2030,1825,1570,1231,2013,1178
2018,1544,1866,1940,1444,1574,2006,1800
1944,1593,1983,1067,1248,1820,1584,1056
2023,2006,1939,1549,1798,1089,1592,1899
1949,1848,1883,1096,1150,1817,1545,1365
2025,1327,1912,1475,1300,1399,1539,1821
1088,2026,1140,1971,1534,1326,1585,1167
1942,1590,1954,1847,1136,1913,1543,1249
2030,1654,1857,2025,1442,1484,2015,1653
1940,1880,2039,1803,1644,2027,1997,1178
2030,1884,2032,1545,1643,2042,1994,1814
1937,1199,1975,1075,1162,1201,2034,1083
2043,1196,1972,1072,1161,1212,2033,1078
2016,1183,2025,1178,1583,1302,2007,1812
2038,1991,1976,1274,1140,1246,2012,1298
2032,1153,2039,1887,1585,1289,1993,1802
1934,1542,2032,1068,1991,1891,1587,1080
1932,2039,1931,1837,1808,1539,1556,1268
2041,1847,1874,2037,1468,1240,1987,1230
1930,2025,2036,1835,1984,1913,1588,1162
2047,1966,1934,1197,1846,1586,2005,1215
2018,1203,1965,1076,1181,1194,2024,1082
1924,1209,2045,1059,1595,1325,1584,1083
1925,1211,1957,1063,1182,1196,2022,1070
2046,1636,1873,2041,1458,1500,1999,1637
2040,1852,2026,1490,1562,1282,1574,2014
2032,1293,1872,1523,1448,1393,1593,1246
2047,1877,1936,1575,1824,1448,1579,1793
2027,1089,1956,1085,1172,1187,2017,1075
2047,1562,1972,1512,1126,1906,1553,1253
2047,1637,2011,1876,1163,1792,1620,1256
1923,1970,2039,1625,1890,1061,1628,1807
2046,1216,2014,1116,1253,1232,1949,1114
2044,1628,2008,1879,1160,1795,1623,1259
1925,1268,1922,1833,1604,1405,1980,1919
1926,1858,1940,1452,1636,1404,1624,1954
1932,1880,1851,1064,1054,1913,1641,1339
2040,1844,2026,1876,1200,1526,1944,1270
1949,1447,1839,1117,1341,1865,1960,1101
1928,1577,1837,2046,1486,1909,1609,1890
1932,2002,2034,1157,1866,1612,1961,1374
1930,1898,2036,1848,1611,1270,1982,1905
2035,1867,1949,1887,1623,1397,1617,1264
1929,1276,1931,1827,1613,1406,1978,1580
1947,1226,2002,1101,1252,1235,1937,1095
1923,1868,2032,1418,1937,1154,1936,1195
2031,1502,2036,1871,1212,1076,1613,1256
1936,1248,1943,1933,1616,1377,1958,1823
1936,1235,1943,1608,1959,1377,1957,1814
1926,1233,1999,1101,1268,1222,1932,1092
2027,1425,1944,1879,1620,1209,1964,1260
2026,1980,1998,1867,1266,1796,1930,1168
2025,1864,1835,1858,1027,1814,1602,1254
2024,1855,1946,1860,1607,1882,1624,1264
1948,1853,2004,1984,1037,1631,1623,1593
1073,1996,1029,1986,1423,1375,1601,1278
2022,1263,1941,1113,1924,1809,1925,1098
1951,1258,1949,1845,1627,1379,1955,1594
1950,1855,2020,1606,1857,1627,1619,1895
2018,1432,1937,1886,1922,1203,1979,1177
1929,1383,1854,1823,1385,1660,1637,1365
1379,1469,1368,1971,1535,1656,1640,1024
1976,1449,1850,2013,1369,1393,1626,1931
1977,1448,1851,1954,1368,1393,1627,1930
1431,1538,1425,1609,1986,1383,1571,1206
1978,1928,1977,1929,1577,1142,1581,1417
1616,1935,1615,1602,1864,1974,1569,1797
1617,1659,1660,1614,1865,1508,1570,1797
1981,1932,1807,1119,1527,1657,1579,1214
1979,1888,1793,1807,1484,1161,1599,2037
1972,1257,1965,2032,1656,1360,1599,1844
1321,1959,1363,1408,1650,1360,1586,1834
1975,1028,1985,1469,1168,1204,1576,1877
1974,1454,1841,1468,1375,1361,1589,1855
1968,1416,1803,1994,1528,1902,1599,1796
1975,1572,1798,1613,1532,1415,1575,1125
1972,1924,1975,1925,1568,1412,1572,1147
1970,1450,1845,1464,1371,1365,1587,1851
1965,1461,1834,1447,1375,1354,1580,1828
1964,1893,1998,1460,1649,1225,1597,1871
1967,1944,1819,1445,1507,1645,1599,1841
1966,1462,1833,1444,1372,1353,1581,1831
1961,1888,1995,1457,1652,1223,1592,1866
