88,478,114,169,385,338,20,301
335,129,327,427,368,233,14,77
333,410,328,476,156,121,28,292
331,413,335,475,155,126,27,309
95,474,118,173,389,342,16,297
457,495,439,453,18,341,19,298
192,400,206,486,0,376,15,138
406,407,488,209,359,236,4,365
440,138,460,417,379,511,5,339
514,137,496,264,376,173,6,529
412,397,439,490,415,513,6,266
451,466,445,437,24,351,25,288
323,404,326,466,146,119,18,316
323,141,331,422,380,228,2,65
245,391,224,464,140,132,30,530
479,132,416,425,4,323,5,316
350,392,346,462,142,107,14,310
45,480,89,460,415,346,32,230
48,410,6,312,303,142,56,514
368,158,367,541,280,294,47,61
209,274,208,318,434,324,60,449
166,426,171,360,21,280,113,535
106,398,97,420,518,361,77,286
101,385,110,427,521,358,65,273
394,415,447,130,224,237,114,353
366,422,383,228,131,241,76,10
441,443,426,402,9,289,114,537
97,389,96,460,398,523,69,277
96,388,84,430,399,225,71,276
99,535,79,429,527,222,68,279
445,447,471,406,13,92,118,541
386,501,439,428,58,214,112,557
480,343,387,328,67,471,75,111
386,509,501,92,203,102,80,277
94,442,112,400,562,395,122,298
89,271,110,406,438,310,120,295
484,506,394,419,47,189,87,93
91,447,90,502,436,561,124,303
90,268,109,502,437,308,123,292
443,433,407,189,201,168,114,337
395,450,487,320,42,295,78,552
491,503,389,348,32,178,88,82
86,434,120,507,570,387,114,290
398,400,482,338,47,290,75,557
80,469,102,482,447,362,113,208
83,439,125,510,575,390,116,295
444,438,400,186,206,175,118,342
401,158,414,460,463,562,94,323
496,165,385,434,58,364,125,73
400,487,421,446,44,196,124,575
498,493,386,432,56,366,127,75
44,16,34,115,55,28,83,565
547,489,553,447,220,122,78,562
75,575,103,389,551,246,111,319
559,491,555,445,222,120,76,560
69,417,107,395,553,400,98,305
68,416,112,394,427,197,96,304
100,342,75,464,358,356,165,106
564,449,469,166,432,253,164,317
99,116,104,405,313,575,163,144
98,337,76,510,359,373,162,148
129,338,143,238,437,283,161,278
128,441,138,224,481,242,162,275
32,415,51,234,459,285,223,236
103,455,100,233,442,140,220,365
197,214,204,428,259,226,240,235
196,215,197,429,220,341,248,234
195,208,202,426,261,228,255,237
194,209,195,427,218,339,247,236
595,376,597,424,609,299,138,239
212,507,205,438,333,85,134,234
219,220,206,422,234,350,132,225
178,214,321,202,45,91,136,228
290,434,319,400,7,232,174,431
576,461,436,426,362,112,161,103
583,458,435,429,365,119,166,122
397,437,431,580,125,320,169,135
55,606,5,474,459,286,171,465
579,457,432,430,366,116,165,31
135,196,131,223,91,217,161,284
500,318,504,418,352,437,165,240
503,353,388,444,205,319,342,251
490,316,506,416,354,439,167,242
129,466,133,95,479,284,336,253
256,489,277,42,458,451,175,75
499,174,451,421,372,580,162,247
3,205,56,32,365,189,170,592
481,160,461,427,378,586,172,249
480,362,399,439,198,308,349,240
84,372,95,415,309,178,160,361
25,416,16,482,478,275,332,314
30,482,99,495,117,173,323,316
31,436,20,457,472,169,330,316
28,402,3,411,193,68,331,278
30,421,20,95,468,258,330,243
34,425,95,432,73,145,383,256
52,447,62,399,254,193,372,200
32,476,93,434,75,147,381,258
54,408,40,415,488,318,374,207
38,465,91,471,77,149,379,260
294,146,319,152,505,609,341,5
34,145,61,365,109,313,342,6
292,510,298,364,99,52,335,5
339,286,300,437,308,288,326,193
418,414,431,474,632,169,337,256
497,462,455,472,504,637,338,259
95,493,70,472,99,636,350,45
438,234,448,478,510,635,340,261
439,410,427,478,636,173,341,260
90,488,67,446,102,633,347,40
472,408,425,476,638,175,343,262
17,468,57,450,482,140,328,281
315,393,311,417,483,353,329,389
441,244,439,448,480,385,330,283
426,490,460,230,146,243,331,266
451,242,433,454,486,391,332,285
495,492,458,224,148,245,333,268
449,240,474,452,484,609,334,287
22,384,38,452,614,183,335,286
25,476,14,458,617,262,320,273
419,477,468,459,491,622,321,272
481,397,444,457,619,186,322,275
26,253,41,457,618,467,323,274
72,416,83,429,183,148,328,24
486,251,440,463,495,398,325,276
437,474,467,460,492,617,326,279
421,249,442,461,493,396,327,278
225,292,211,306,657,296,440,489
490,377,256,345,476,440,457,96
357,22,326,190,390,669,451,43
242,492,241,509,497,429,467,472
448,491,453,506,283,370,468,479
449,77,476,499,280,97,469,467
450,489,478,504,500,368,470,477
263,345,496,361,53,39,475,46
460,26,467,267,343,650,462,474
248,27,226,266,130,651,463,475
251,485,198,500,504,380,474,465
463,115,465,501,276,381,475,464
456,15,471,498,275,378,476,470
253,197,217,292,392,654,460,104
64,274,92,419,267,480,464,495
155,397,137,96,488,101,475,40
468,99,458,275,335,658,470,450
273,335,486,383,35,49,464,56
378,16,290,698,158,467,450,457
135,401,149,109,507,120,455,52
464,108,451,490,486,354,452,463
465,22,462,491,289,355,453,450
369,2,338,170,402,649,458,63
467,504,459,489,264,353,455,460
254,107,195,289,140,458,280,224
364,403,657,488,149,642,491,285
311,296,320,318,418,499,264,653
394,285,440,135,499,10,508,127
213,356,241,298,403,177,486,102
371,372,369,356,167,413,272,95
306,300,324,24,422,503,268,649
212,52,234,359,651,503,506,463
269,312,363,260,408,457,306,695
234,10,212,345,693,457,455,497
435,292,385,185,458,51,453,70
271,315,377,37,411,458,305,692
194,379,155,372,141,88,308,211
265,279,274,35,413,460,311,690
355,276,380,32,414,463,308,341
349,421,687,36,171,700,469,0
405,95,511,85,468,673,469,242
207,91,242,362,189,507,297,209
217,379,247,367,52,171,315,456
324,279,327,24,144,88,293,76
257,286,283,264,404,453,318,699
127,355,77,286,700,261,319,452
259,310,372,266,406,455,316,697
201,368,144,284,134,64,465,216
214,380,143,258,153,76,288,199
250,367,238,351,46,17,314,505
375,256,377,52,394,475,288,321
213,364,140,261,137,435,318,235
280,262,383,50,396,477,294,675
199,71,238,473,160,486,309,409
363,410,258,425,171,315,306,23
253,272,202,411,235,435,453,419
222,359,135,267,145,68,296,207
380,289,355,63,385,464,299,330
241,321,239,340,431,26,305,498
242,402,207,337,702,328,297,84
207,368,225,377,35,166,311,500
384,447,490,69,303,331,463,229
216,370,129,268,151,81,448,201
378,295,264,57,391,470,301,332
166,370,182,349,721,447,338,151
138,270,254,712,241,62,336,418
164,285,253,372,248,55,335,154
280,431,258,489,128,134,339,208
162,283,251,276,237,43,442,179
23,439,30,294,450,73,343,416
143,492,178,300,707,309,340,41
162,427,171,97,459,455,330,159
269,378,383,78,496,417,346,315
207,373,233,55,41,97,327,42
129,276,245,312,248,62,327,386
750,739,749,289,420,312,345,36
359,457,270,303,158,42,322,47
353,341,378,75,501,420,351,730
133,215,143,288,475,110,325,390
306,710,305,277,130,33,331,502
171,296,155,342,345,432,426,285
497,355,458,373,727,440,323,431
376,77,280,44,50,122,348,49
307,470,273,304,129,53,349,48
167,317,235,320,239,32,345,412
376,333,354,369,493,444,327,706
159,262,176,265,441,144,324,57
313,318,315,302,237,34,346,21
222,71,207,55,138,250,342,59
1,33,7,39,278,301,331,243
303,464,722,426,214,705,424,350
146,360,189,260,436,157,329,52
508,324,455,376,730,437,334,418
187,325,171,320,716,418,335,138
151,294,179,355,465,243,420,36
468,261,37,272,215,709,265,357
363,315,395,402,474,11,329,743
110,282,102,271,83,65,349,72
86,356,87,489,297,56,376,129
419,447,426,321,15,16,305,346
475,406,421,101,305,266,348,297
421,441,428,327,9,22,310,348
473,423,431,113,10,21,308,351
708,347,706,511,405,20,308,104
340,356,297,408,171,167,270,751
93,367,92,482,307,51,371,138
101,126,108,260,117,508,342,67
100,127,99,261,89,75,343,66
247,494,234,324,414,6,371,75
89,363,88,486,317,55,373,142
261,117,371,503,244,24,320,739
716,339,714,503,413,28,317,96
127,100,126,286,433,80,332,89
462,429,440,102,29,2,291,328
726,476,720,291,352,370,323,47
354,267,407,250,221,193,336,289
64,370,65,511,327,46,364,151
510,318,15,314,253,751,291,335
490,210,482,119,390,269,325,335
456,438,446,96,27,4,292,334
76,382,77,499,335,34,354,155
379,325,402,266,429,31,284,26
230,504,252,338,392,16,357,93
110,486,103,299,361,52,355,54
70,398,76,505,161,274,324,305
73,379,75,502,246,739,312,157
373,381,401,395,223,102,294,764
506,291,15,468,103,21,342,760
63,92,73,407,492,499,211,185
404,28,413,209,147,462,179,460
438,132,432,511,158,769,199,378
191,214,148,143,281,501,173,782
438,135,442,113,293,163,220,774
25,289,17,388,116,254,182,188
451,45,450,1,303,210,161,87
444,132,441,114,294,160,223,773
3,191,498,199,256,786,222,178
47,242,23,433,28,425,181,416
404,405,430,116,94,492,239,489
253,136,782,398,298,403,211,777
176,128,205,125,335,323,234,779
43,246,19,436,24,429,177,420
78,79,71,172,482,509,221,183
79,78,70,173,483,508,221,182
420,150,427,493,140,787,213,360
272,19,279,226,99,507,142,438
45,148,74,406,128,252,160,169
387,20,414,56,63,233,171,497
147,168,127,468,64,498,241,503
17,150,493,400,308,397,205,791
50,201,12,441,228,392,191,382
777,140,782,199,483,23,231,437
443,203,435,126,133,279,799,462
296,242,301,112,47,345,793,792
772,192,771,202,494,495,234,440
89,132,91,30,164,220,790,126
447,206,439,122,129,275,795,458
771,134,772,205,489,488,237,447
291,245,298,119,40,350,798,799
289,184,312,51,305,501,785,792
38,79,478,447,237,230,807,205
510,87,496,252,170,105,215,392
275,201,273,75,289,354,802,803
52,444,60,93,18,169,803,802
281,152,273,90,295,174,804,805
506,191,505,151,465,50,213,391
824,237,831,246,466,38,214,388
272,440,286,63,17,774,807,806
503,174,505,247,163,96,222,385
51,229,50,240,811,166,214,396
279,161,274,84,28,455,810,811
392,249,384,78,182,292,812,509
499,246,496,159,472,59,220,398
819,230,820,253,473,472,221,399
497,153,498,157,474,57,222,396
286,147,282,81,300,165,815,814
274,499,289,441,306,453,192,402
815,134,808,225,453,452,193,403
401,225,409,87,175,317,821,484
270,216,256,90,304,371,819,818
46,235,47,131,822,187,203,401
811,130,812,229,449,53,197,407
263,189,270,72,0,475,822,823
488,238,491,133,451,32,199,405
34,231,35,226,826,183,199,413
807,227,800,233,461,57,201,411
485,241,486,137,462,45,202,408
475,143,489,164,169,81,810,129
384,171,395,488,174,363,813,67
251,142,166,202,5,84,812,509
328,169,344,238,172,361,815,65
364,139,374,160,173,450,814,150
111,468,107,174,482,470,864,489
